	8.5378249039369 1.3224030162734 0.59536402311589
	8.5397397274808 1.1125150781488 0.9871812989556
	8.6599683950183 0.78357612187976 0.26705160519747
	8.8583738201355 0.41884612184028 0.78453195501515
	9.1145863006761 0.30409097470742 1.2151936426718
	9.4906127866697 0.26728436700584 1.8293046890701
	9.9458855849205 0.29030192615374 3.5230703237487
	10.406443994734 0.3128307516843 4.8950810001629
	10.803356162346 0.34252684192075 4.8340565373294
	11.119539785283 0.35675785273459 4.0109500478072
	11.451129126175 0.38421039430854 3.6374265419308
	11.807669297374 0.4059422591345 3.3385246387777
	12.156832017668 0.41826665872158 3.7840187790897
	12.500185615825 0.40828350399806 3.3789903500703
	12.817327231378 0.40061023927657 4.1403298169251
	13.150841721781 0.39035285265576 3.724680626726
	13.510905347107 0.38089273774705 3.4734752318761
	13.890424579388 0.38158855603895 3.7270883478765
	14.260157143106 0.38238096378377 3.6163572737561
	14.660957743749 0.37467129560188 3.8196271091384
	15.075886193316 0.36573477597861 4.5626668528714
	15.49548287906 0.34723069049416 5.7726507988263
	15.939517548279 0.34266403488921 4.7288689704213
	16.373032667269 0.34046672982293 3.6143177678161
	16.81761636029 0.32287349653941 3.1222514795201
	17.275498542508 0.30253352291667 3.3067018409578
	17.717165991883 0.26872880959663 2.956388706367
	18.201676207141 0.37248366965974 2.0440328677158
	18.453688381171 0.46333820880187 1.7054314385791
	18.443667980895 0.57056388812553 1.4347826812948

	8.4831854482455 1.46565953497 1.0977077566718
	8.6198338008982 1.4193242312406 0.35445211142213
	8.8340868567242 1.2283025837307 2.5884576380397
	9.0348953759969 0.96712974198792 2.0975466759455
	9.3146766026751 0.84665484935971 1.9649823610016
	9.6517889337519 0.78175243646675 2.5904293521462
	10.04244089167 0.78502968502219 2.872069322959
	10.461520104105 0.84703285928085 2.0487836905748
	10.848669519909 0.90916659229473 3.0500406083535
	11.184617089939 0.93814802645553 5.2872990119144
	11.518983549957 0.94252541018168 7.0538155332529
	11.864744482268 0.94177160006078 9.391717404481
	12.205455401808 0.91622549511825 9.8506073959251
	12.541279194286 0.91292201505699 10.237383040437
	12.869455107667 0.93014992713994 10.711357540379
	13.206076126478 0.93189973575085 10.769627148603
	13.554418536091 0.91785842289842 10.826323587372
	13.91294633592 0.91412177050804 10.291898704233
	14.272469567697 0.89253276624783 9.2238453067588
	14.657487746931 0.87306739420644 6.9823978710754
	15.06027009905 0.8436090559216 4.0374223561422
	15.467003577968 0.82146244691632 2.0818595779777
	15.889936939111 0.78948025693419 3.1700832740237
	16.300421260785 0.76560752545753 4.58446658566
	16.720877712613 0.74421178065103 4.507070386538
	17.152844351365 0.7232031087393 2.9513655542649
	17.574287280378 0.69802435415858 2.554759102397
	17.9910485783 0.72481467078743 2.637166194077
	18.314258816081 0.70317896710344 1.5239787640703
	18.489093080797 0.64689953013465 1.4300766704278

	8.4212130805064 1.864059961834 0.40774915932341
	8.6652371729864 1.9520377775411 2.8008000307932
	9.1127965714822 2.0866024199061 0.59834795266238
	9.3100187085124 1.968671426685 1.656948599739
	9.6598573206856 1.8749767032244 3.2438530854642
	9.9240316483042 1.7485758940565 4.3773050316284
	10.216154913357 1.7123106342188 5.8440405566041
	10.563206917272 1.7498744150073 9.100300961974
	10.931937523658 1.8912557297518 11.193524659755
	11.294332758704 1.9273490877773 11.505815474691
	11.638751047506 1.9330418368475 11.562582767443
	11.967839341395 1.9059413769341 11.027114614325
	12.299419110566 1.862032778891 11.077232123411
	12.623911353924 1.8711615987531 11.060004886954
	12.966225063963 1.9107427842328 10.898249785537
	13.304569020832 1.9315870910627 10.88129939533
	13.634618654174 1.9101509222291 10.799587753369
	13.963884246099 1.8967446726588 10.961866859291
	14.302316005086 1.8212964196619 11.176256386427
	14.657223991572 1.756043749116 11.598288198251
	15.027944324165 1.6930819662682 11.762633830414
	15.411944965867 1.6213395412615 10.21988725873
	15.799417123447 1.6019864235683 6.5020625125036
	16.173753445797 1.5852229406858 3.4486234458947
	16.560790448856 1.5470590966859 2.5865235743233
	16.940785815609 1.5059333752361 3.9780490621148
	17.342082971672 1.4653780063938 3.5324314771184
	17.637593461387 1.4070219409675 2.2054937740797
	18.154850067558 1.1791982076735 2.1822778224052
	18.432745311782 1.0519837983378 0.86099547236052

	8.3269156486308 2.4029723935281 2.3259162515904
	8.6043516458472 2.5265008708299 -1.0588211825408
	9.0727611491819 2.6266298991537 6.9825165931423
	9.3532393185083 2.5797341277903 9.2656569515646
	9.7073852875498 2.4976060795709 9.7325323439863
	10.011902014368 2.3896875974849 10.200414927225
	10.335915086451 2.3551341132345 10.405859950632
	10.692954389203 2.4271400440478 9.8841285722588
	11.02767359918 2.5078830994115 9.3519854071879
	11.375219648845 2.52599799787 9.6261282263029
	11.714432349867 2.5030344362173 9.9641606494343
	12.043205493767 2.4550883091495 10.504903141369
	12.350643034657 2.4098377490628 10.730108584514
	12.683176821293 2.3751423036431 10.916838501114
	13.004557418954 2.4022685477256 11.054698398029
	13.33002951089 2.4105446638595 11.055153353252
	13.657885780798 2.3779696519383 11.013128948145
	13.983748289812 2.351912313155 10.79753227858
	14.321376491402 2.301471652232 10.476714910072
	14.674384766072 2.2865545263129 9.9912542302847
	15.031831982352 2.2584115563218 9.5514951043683
	15.38240307695 2.1930049015895 9.8149718645078
	15.748285721907 2.1782187891776 10.720311364844
	16.105536177926 2.1101278391086 10.345455338044
	16.467734825069 2.0886455740895 7.5806597307873
	16.836699366223 2.0649152883071 2.5266044387772
	17.254596553902 1.9324983866082 2.1939060571812
	17.564557728086 1.8606284288566 3.7684833458082
	18.023113940018 1.7904025911152 1.2850065690444
	18.273980141414 1.7524157629008 1.3388166849555

	8.2729390571933 2.8308742274499 -0.81166470849425
	8.5633817123648 2.9887796732819 4.97879192838
	9.0761447804241 3.2314582020627 10.403393011435
	9.3614883079334 3.2770416262283 7.7955043276213
	9.7606744063892 3.2587231198967 9.0312186440269
	10.091499287366 3.1980001101627 8.8195818256169
	10.418756110334 3.1605583078404 9.2155539851837
	10.757236130594 3.1697951373281 9.7029750469692
	11.089163057423 3.2146704183989 10.293320308245
	11.437586001147 3.2542645722173 10.485009646992
	11.774065596962 3.249849809013 10.591675952602
	12.098045929123 3.2183427133187 10.506222704299
	12.417745024009 3.2058450467216 10.518849868093
	12.739175450287 3.176198360931 10.509486661173
	13.073023881053 3.1760005503843 10.495200855243
	13.396865134167 3.1732215106161 10.510444299061
	13.711513876875 3.1539291538615 10.531908497801
	14.046589679855 3.1045600454878 10.56983529535
	14.371906250061 3.0632656779126 10.594787355695
	14.696780865917 3.0152097471938 10.593919693528
	15.031616824519 2.9687128646909 10.485802461671
	15.384598458555 2.9259322870085 10.017433251413
	15.727606564199 2.8653707146762 9.2084479503443
	16.07295429545 2.8399631041946 8.9548134849088
	16.420965778277 2.791516694023 9.5373883951247
	16.77325399062 2.7091120318691 10.338412405217
	17.171701362867 2.6140412087177 5.0096472736319
	17.461857511333 2.5094878093241 0.82891397564615
	17.936295711258 2.3400044296744 3.4424917492473
	18.199809547856 2.26985065159 0.39077979430374

	8.1835938877867 3.3175056368223 0.035873828462581
	8.4701877655515 3.4580342956355 9.806539565372
	9.0061704059127 3.7611032375549 7.288186385268
	9.2890674079235 3.80727422171 9.498284028103
	9.7335663982339 3.8554376391822 9.363295690164
	10.09256234245 3.8324276721004 9.960687901373
	10.439989183704 3.816387605669 10.109240216996
	10.786359425789 3.8272216903607 10.286121043484
	11.130081711375 3.8530204797202 10.412507874389
	11.475776291057 3.877540705158 10.682746597325
	11.814304259771 3.8827388676967 10.974889628184
	12.143364192443 3.8650935911904 11.336631066467
	12.464423643358 3.827145978239 11.499474681219
	12.790735114542 3.8179902837996 11.587159396417
	13.125223235336 3.8062042269058 11.568003037635
	13.449442121396 3.7948150926446 11.514927753821
	13.76350773233 3.7745218618717 11.26300133831
	14.095245769674 3.7423166432005 10.9765357502
	14.416168574145 3.6826331336126 10.653199972864
	14.743689264596 3.6270072294423 10.4002185949
	15.075383666909 3.5725865371001 10.188113132915
	15.412038178825 3.5251262508338 10.089049756016
	15.745742263799 3.4589526192637 10.099603080057
	16.084648027375 3.4396560679503 9.7819551277368
	16.425444843972 3.3911867231731 9.003336933834
	16.766746215157 3.3131650515317 7.9646950259843
	17.137432499454 3.2043399162695 9.7439317718309
	17.426377594324 3.0575195940906 7.9861219546651
	17.872967624701 2.9189897835631 -1.2655352799288
	18.112809633734 2.8043021118792 2.9449161723205

	8.0584198392542 3.7818992717108 7.7173202222899
	8.3715084502747 3.9702402082415 7.3489006483671
	8.9119735851315 4.2448969733854 9.0497248883207
	9.2046435016643 4.3217857751402 8.9360592184387
	9.6775283647386 4.405109336744 9.6147144772514
	10.057227831604 4.4191178293551 9.8317977586588
	10.421101869096 4.4230122207855 10.103971845377
	10.785126842819 4.4359542702519 10.318318990846
	11.139254254841 4.4623742475866 10.673092081613
	11.491977585067 4.4714783761849 11.205412314002
	11.83725858029 4.4802073546205 11.689176725684
	12.173808309685 4.4721619669243 11.842440925921
	12.502254318897 4.4207873427253 11.932963190721
	12.832800317427 4.4199594744401 11.925689625962
	13.169776329701 4.4028100341829 11.98598734196
	13.499618420025 4.3862673132007 11.972451350019
	13.820638271687 4.3612090219662 11.97108525009
	14.146877982688 4.3356699888415 11.811746765153
	14.474103370721 4.2721513070786 11.510298296182
	14.805397595614 4.2114764247094 11.065165048993
	15.135540391116 4.151245929503 10.722191239592
	15.464228600389 4.0982221009528 10.390729359166
	15.791941147763 4.0424525970753 9.9774663868177
	16.130935674358 4.0133118369537 9.7255947305392
	16.467964315354 3.9562306823414 9.4407717205233
	16.79976520715 3.8733464238505 9.4207872448634
	17.158215951721 3.7885789390656 7.5481561707909
	17.435133157841 3.6299935664039 8.5077893184531
	17.84491651302 3.425402746115 8.2070942703548
	18.076053961796 3.3530298657052 -2.6108622007043

	7.9532727610119 4.3077682760772 6.3174345235744
	8.251644232925 4.4608732691024 8.0829130997684
	8.8033516301736 4.731430509297 8.6678832378728
	9.1397258408476 4.8569054981862 9.3951038226228
	9.6021624599557 4.9444850950463 9.8544659555593
	9.9937842466732 4.982718738945 10.217753417219
	10.378481059765 4.9959343587449 10.393852129044
	10.76647606975 4.9931752052107 10.512662387005
	11.115897444595 5.0058114031231 10.842232894964
	11.489275773537 5.027601284091 10.751258725957
	11.842584226116 5.0348669462164 10.635635718523
	12.183452561552 5.0255531256922 10.998862061346
	12.527891371676 5.0142962593651 11.127442023808
	12.859171444119 4.987278919047 11.143101546698
	13.205444340376 4.9600125779707 11.072343087997
	13.543295071316 4.9355354777617 11.273228437671
	13.874873250908 4.9152577086338 11.164257436873
	14.207324195921 4.8599307386311 10.944650180273
	14.555087950144 4.8400685712282 10.666808239187
	14.87459169262 4.7774033827155 10.627312575886
	15.193674412345 4.7158466369125 10.36635408467
	15.532351347154 4.6782121080326 10.321769940743
	15.855778488671 4.6182007680951 10.265043174651
	16.201667581156 4.5815798228072 9.9875316561086
	16.54344045261 4.5137611878162 9.6069010094431
	16.879305425582 4.4248735594089 8.8644137230916
	17.235831165586 4.3069879311792 9.0762434724758
	17.501087168118 4.1986616618636 7.6250227627786
	17.886977909442 3.9684682348679 7.6538128852009
	18.099006759051 3.8310935210141 7.5281710452676

	7.8271370661451 4.758315452049 6.8065347369954
	8.1319039089833 4.9259000281541 7.8457246388275
	8.685718714403 5.2066655912472 8.9523438869066
	9.0082303595429 5.3030413927818 9.396345257231
	9.5015564602767 5.4241595080742 9.9750317774332
	9.9250674617625 5.4783136558456 10.302759351596
	10.331580841429 5.5000217402872 10.550383342047
	10.719471378073 5.4945627437981 10.960190665709
	11.098294983492 5.5328524641147 11.414546351347
	11.467532704714 5.5333273699813 11.841165393432
	11.833145480527 5.5386650801343 12.041447468475
	12.195747555759 5.5352999660606 12.0158729337
	12.562962275086 5.5171337075572 12.10949218467
	12.885097658977 5.4766161694697 12.268140408316
	13.229524961337 5.457617320228 12.059417096957
	13.577545664693 5.4360943974273 11.7852483929
	13.925475050736 5.4070137478862 11.502574800156
	14.263267561327 5.3648273525204 11.468565956997
	14.601866775159 5.3312751064837 11.404059708926
	14.937603507533 5.2740268849996 11.243079093553
	15.277675260166 5.2254452812853 10.774673222155
	15.623158096 5.1999204203214 10.424500787201
	15.956658056323 5.1295381635119 10.323697837166
	16.294644779976 5.0861184400581 10.063251592545
	16.632029531285 5.0257351770937 9.752566573346
	16.965211352849 4.9453523400673 9.4230239602167
	17.307652092433 4.8280586300197 8.5079735674984
	17.598188992481 4.7019574942775 8.4619729316893
	17.964791698784 4.5079039615422 7.4037450687367
	18.156841780727 4.4000600138578 6.7514833330661

	7.7282994840955 5.2657143280907 6.5502116626928
	8.0278768390007 5.416042315562 8.0189743358722
	8.5801089050463 5.6777895216218 8.9726930289653
	8.9296415098314 5.777842453367 9.6130025352557
	9.4065493960447 5.9019846739303 10.092727496545
	9.8339712880803 5.9502260597712 10.420141899134
	10.25492760138 5.9755854080303 10.66964810801
	10.664871831014 5.9966845674838 10.8737544212
	11.054786877016 6.0037509201379 11.14767099917
	11.444543664407 6.0098938161371 11.45583119301
	11.819428233955 6.0106298500413 11.84338622347
	12.184493177147 6.0031844606586 12.18384662134
	12.550723719589 5.9804737363077 12.399851193712
	12.899526241082 5.9612162290844 12.359370881717
	13.258755833865 5.9343643427027 12.408824804903
	13.613633860087 5.9076380827236 12.282687728604
	13.964462861975 5.8766256726931 12.170388966976
	14.317603322402 5.8467077402201 11.870646303956
	14.668687038517 5.7887247099511 11.591842792339
	15.007580912045 5.745830258959 11.275295886559
	15.346572481529 5.7063646330643 10.953855051391
	15.693863733998 5.6598224220291 10.68443363083
	16.050019313577 5.6405828551631 10.434456188582
	16.394043678976 5.5869894579546 10.199236673199
	16.73702139899 5.5449850740478 9.8669719708367
	17.076335391135 5.4777959982387 9.4210368406341
	17.422662026396 5.3276282036743 8.9806417037491
	17.724973898374 5.2099036036961 8.1851726228518
	18.083660152112 5.0154303856697 7.6607763143081
	18.271226289708 4.9104869773711 7.1476932429361

	7.5790792351314 5.7414180720899 6.4085226611553
	7.8823496011041 5.8890032157638 7.7245021661119
	8.4406575210183 6.1405904091532 9.1542670722698
	8.8047318433708 6.2287905921179 9.6712344699604
	9.3009795937911 6.3523455853009 10.210943628851
	9.7397649120352 6.4039993535229 10.476885199114
	10.173656981092 6.4325374331367 10.698438980817
	10.602515750939 6.4553233773511 10.921275409654
	11.018098670414 6.4432830532622 11.149502248193
	11.413001852835 6.4574358424318 11.413103565422
	11.797259196997 6.4531303278065 11.6882212192
	12.174056568691 6.4355065095152 12.081745954001
	12.549728077452 6.412601343964 12.262408808191
	12.901127426193 6.3991532273566 11.829865159358
	13.268090916437 6.3675286871923 12.15705038323
	13.638519793059 6.3368991012452 12.213610183915
	14.007380308529 6.3085548498717 11.734466363562
	14.365215324257 6.2831695742905 11.585337274273
	14.721600897628 6.2309176661124 11.372616485852
	15.07697006579 6.1982384714512 11.162478382328
	15.431803130775 6.163768059154 10.912593502079
	15.783204689577 6.1119610290365 10.71589788256
	16.147498496304 6.108231903869 10.51052102362
	16.493000252027 6.0547047479285 10.270428517778
	16.845824186382 6.0129676965969 9.9839339641419
	17.194511667156 5.9494097139214 9.6410964867163
	17.539556079915 5.8195015104503 9.0083544933773
	17.837896464704 5.6926895575208 8.4326164826404
	18.195002757735 5.5215042142123 7.5700974519094
	18.382340106906 5.431227740127 7.1109700286465

	7.3540000258596 6.1738991928305 5.5769782576317
	7.6877137250405 6.3435560243895 7.7535823254871
	8.2644024280503 6.5865545978731 9.0453758331641
	8.6435506240724 6.6656120598491 9.7964665161503
	9.1774299687961 6.7810426312136 10.30676176868
	9.6360363421851 6.8392089828138 10.58700351464
	10.086427415493 6.8697801399709 10.769570739967
	10.536690885883 6.8819652178117 10.925967042537
	10.977643456957 6.8656859444603 11.07371318034
	11.375556862167 6.8821157056656 11.248924245286
	11.769521891646 6.8723065949862 11.539693927796
	12.162046620892 6.8484000561146 11.635265555127
	12.552353635461 6.8292334204625 12.34560390111
	12.902222171497 6.8057994437254 12.034141671919
	13.273596171007 6.7718400881983 12.215846323457
	13.658592659836 6.743124188917 11.798117408021
	14.046254689091 6.7183866496988 11.754589679849
	14.409853074306 6.6867055333063 11.479678837938
	14.772992382427 6.6613734331871 11.315327104519
	15.144945371137 6.6315564344908 11.111672063067
	15.517722955727 6.5992339575572 10.935599621726
	15.880038842418 6.5647202611016 10.752108101998
	16.245467420537 6.5435704842053 10.564097915027
	16.599498038256 6.5046038649683 10.360538709921
	16.963211127507 6.4524823166024 10.088803102219
	17.320826263881 6.3824918413234 9.7169207421561
	17.67350690054 6.2947134821786 9.204764610129
	17.952758247839 6.1655595050033 8.4491660896976
	18.31781334408 6.019762162499 7.6902562744542
	18.512465891912 5.9421135163312 6.8191665531255

	7.1213407172234 6.6318698824351 2.9048530668752
	7.4475134895584 6.7714953366298 6.7603889393423
	8.0674378773959 7.0209748609381 9.3061940836055
	8.4464412762116 7.0910776728173 9.6728509297457
	9.030299727567 7.1925055934218 10.423419142768
	9.5189705428019 7.245920365311 10.636865892958
	9.9964806699768 7.2815083059196 10.849779393809
	10.472090501971 7.296050343542 10.978768294806
	10.91623006407 7.2987113727108 11.085455606006
	11.326714469776 7.2896016466569 11.204917448248
	11.73228614423 7.2791667263319 11.253787636917
	12.139327038013 7.2605860310708 12.05360062282
	12.54368504889 7.2305008081818 12.034465365836
	12.932072606755 7.2094038611888 11.922957594101
	13.310799525045 7.1745844759229 12.003941102722
	13.68525215566 7.149048566253 12.02384044151
	14.064582449218 7.1332405838103 11.316911398853
	14.453107166357 7.0910086590943 11.389794292203
	14.83908112457 7.0686093796959 11.165119253076
	15.204074870685 7.0356616791395 11.085381645236
	15.573997291395 7.0110285371899 10.921061285253
	15.966148939091 7.0037071578061 10.782111483439
	16.351955430621 6.9624798438466 10.615249788723
	16.733881884351 6.9518253520524 10.436669358715
	17.093946196548 6.8975973164546 10.171540220911
	17.444472005269 6.8180822407103 9.8452721913078
	17.841165648898 6.7505714441834 9.2302573476035
	18.09564128108 6.6213338771664 8.5916969099001
	18.485169786008 6.4840701162345 7.3485723322465
	18.690442127091 6.4100497551323 7.1697894394606

	6.8254847233673 7.0638931514183 4.7611046670714
	7.1936036479688 7.2081979122884 4.8376746448945
	7.8673214394223 7.4286260624531 9.6836148612714
	8.3085844781194 7.4988971602005 9.5286901062516
	8.8818886018888 7.6015017161093 10.533413430909
	9.3892822982048 7.6381970707777 10.617889045573
	9.8952475188876 7.662405050299 10.92119854198
	10.399014814729 7.6914195201776 10.943652844904
	10.860652961856 7.6763493517772 11.183327853899
	11.301585130297 7.6720076114527 10.897953199155
	11.727041634485 7.6565193891988 12.249527996484
	12.139685708519 7.6515833533998 11.370823702278
	12.529029734957 7.6315516828986 12.948707259609
	12.912861980186 7.608566331776 14.110714103827
	13.305918518818 7.5798473698345 12.539311453699
	13.705479698597 7.5577919274238 11.370180313903
	14.104129726444 7.5377377392793 11.931263092101
	14.506737767102 7.5102321165186 11.041855469082
	14.885961910641 7.474948148193 11.251088639841
	15.285581115662 7.4399306872649 11.043688133745
	15.679968336801 7.4153887574668 10.99786449544
	16.057779648789 7.4079146686839 10.840998594365
	16.441476810768 7.3759278128453 10.693679619192
	16.83847626144 7.363110719572 10.490082952353
	17.235199140254 7.3237151461613 10.249132134238
	17.620376234466 7.2644803366901 9.8158551039088
	18.009289228163 7.1721332563019 9.3972488220436
	18.317515946993 7.1084598706319 8.2012326631558
	18.71208816622 6.9261205051728 7.9630941856993
	18.929844806736 6.8458141032335 2.6545093650277

	6.6030259630283 7.5145414478633 2.8380010348914
	6.9770136933522 7.6527505527878 4.6270142293259
	7.6604092920656 7.8630069993617 9.2643993193938
	8.1230662191809 7.9221841755316 9.6220658970204
	8.7308421205018 8.0028915794173 10.454999770374
	9.2807066570564 8.03589934655 10.646046370717
	9.8199390902965 8.0590423090402 10.913889460795
	10.338521043482 8.0778007750571 10.9548630873
	10.799152098926 8.0697688670303 11.151860574728
	11.252343930754 8.0639301659557 10.968649307089
	11.694176534757 8.0472265797432 12.164199286186
	12.12212711121 8.0282508618289 13.221205981768
	12.524217122967 8.0006371462667 14.089622670769
	12.920797874355 7.9965678777593 13.399892985676
	13.326206918484 7.9691043117922 14.150441141304
	13.72821113884 7.9503771393887 12.344634678887
	14.123918750517 7.9235168215238 12.063915044112
	14.544178875572 7.9053260588075 11.079305355714
	14.940894201163 7.8636998117777 11.194400821852
	15.344587859617 7.8426989519313 11.094242994982
	15.748434077522 7.825295703749 11.015723568961
	16.153188757361 7.8002525184227 10.887490873479
	16.556721319408 7.7924121804659 10.714703516393
	16.963409012199 7.7625666952787 10.554623632987
	17.368938917919 7.7322383862163 10.178586409462
	17.770001406223 7.6856368454959 10.036270101838
	18.174168486426 7.5830822739365 8.9438922506865
	18.545613116035 7.5121337383596 9.1848745132675
	18.95454733303 7.3145845062752 3.971048450155
	19.160541231484 7.1788739076739 3.404701404366

	6.3913476583313 8.0201436243156 2.967275749454
	6.7781664493731 8.1270843199744 4.1001452626484
	7.4896796772336 8.289552459846 9.031858890804
	7.957578025489 8.3443369380358 9.6192869593159
	8.5953320508105 8.3972688568975 10.379519189158
	9.1714298516661 8.4272314480207 10.625875455291
	9.7330590039936 8.4479363178008 10.876815603813
	10.266030603258 8.4556957599958 10.926857791931
	10.75133764866 8.4499932890651 11.110242035126
	11.216810700378 8.4485969691001 10.950506503606
	11.666223060804 8.4334197590274 11.812317654532
	12.101151094908 8.4094051356094 13.191288530036
	12.520505483929 8.3909274646438 13.367057174841
	12.927278323774 8.3732093897972 13.887493537239
	13.341973324533 8.3633009735031 13.238533968638
	13.746570921954 8.339719186811 13.645885749291
	14.148837679326 8.313432276941 12.263702079305
	14.585958759771 8.2976206293377 10.847610153154
	14.993747690754 8.2596400639087 11.307302064921
	15.401218598126 8.2456056686204 11.052872186039
	15.814227167995 8.2308440543662 11.031440056076
	16.240202298755 8.2036409082295 10.878419714278
	16.658823770852 8.1955400726895 10.726019263693
	17.074510812596 8.1627498973882 10.526034973193
	17.498196739557 8.1310509607054 10.205211573324
	17.924818573593 8.0849413469404 9.9353473358978
	18.352943451231 7.9894781733998 9.0734350385923
	18.750269321566 7.9021213542298 8.6497360974818
	19.190741675202 7.7202243969278 2.8109104319648
	19.41376704931 7.5930811637508 4.5388681759529

	6.1805484399037 8.5631570486602 2.8133433530027
	6.5951063630535 8.6276124463461 2.9754713096289
	7.3516866635659 8.7089694559984 9.0118613376034
	7.8216149398891 8.7614910620765 9.533187037262
	8.4805507662173 8.7877740673373 10.307840608835
	9.0651256834135 8.809708738792 10.562709471964
	9.6384874136853 8.8247831985401 10.766168395852
	10.18630441171 8.8287354366177 10.893619110209
	10.718056597276 8.8211479694998 10.94506421824
	11.196436112828 8.8208212116129 11.128330458711
	11.647160533764 8.8106678375415 11.339720867595
	12.081361870054 8.7909086667933 12.759864899297
	12.514634863731 8.7872215535174 13.488094119769
	12.934540650251 8.7537767219639 13.563390244995
	13.352611777501 8.74814841081 13.440296085578
	13.765399389993 8.7351882399705 13.054409886354
	14.181948689572 8.716764580575 11.172344302
	14.629683712255 8.6866777338113 11.257997458132
	15.042290226374 8.6657529019378 11.132121764324
	15.457381810175 8.6446975731913 11.066041179537
	15.879612616911 8.6285945800939 10.955726117388
	16.314361052271 8.6185146964082 10.843919058582
	16.742807382806 8.5868533727356 10.695100448147
	17.172299906643 8.5674823120428 10.452211357841
	17.62037261117 8.5286824081441 10.237045955122
	18.073364180824 8.4733700181007 9.7284278475184
	18.533026739043 8.3983498420178 9.3451611827515
	18.916998148112 8.2996445801829 7.6920637580544
	19.405650977543 8.1722189184707 2.5839223375621
	19.659811762194 8.0822735556014 3.8768863519042

	5.9978835443001 9.0761886058465 2.0779219483937
	6.4236911045524 9.1166263200375 2.3830114876894
	7.1991845979631 9.1580979125255 8.4277967796352
	7.7049670781019 9.1697602085799 9.6201190188979
	8.3606580938129 9.1782475986203 10.083917441497
	8.9749273545598 9.1844692525698 10.487771096686
	9.5884108027549 9.1896617937906 10.651567874867
	10.17326020006 9.1876064110083 10.802520945145
	10.655892261793 9.1884648635828 10.860546399493
	11.141360256454 9.1890090183392 10.973806940312
	11.624891134365 9.1848047511528 11.360628941772
	12.095349408862 9.1769260586143 12.348472815114
	12.52741512056 9.1781416877291 13.131678137597
	12.927518625836 9.1519096998585 13.274410756582
	13.360544104753 9.134093194147 13.21189996572
	13.790551091431 9.119071920002 12.290951376809
	14.212880755865 9.1048302822012 11.280007585809
	14.65766122632 9.0739056616749 11.210714647543
	15.08433492559 9.0650115043132 11.054739004874
	15.51065182803 9.0447043008458 10.979042605466
	15.942996993612 9.0226850491208 10.868162358159
	16.385444322151 9.0017155670797 10.745706735956
	16.828159971625 8.9770234298243 10.604772565601
	17.261874464057 8.9476872112639 10.383781250788
	17.717236937483 8.919061345063 10.195559466012
	18.182366099985 8.8770675000186 9.6358177999093
	18.666018665362 8.7849470270405 9.402530732294
	19.051947729179 8.7277814716308 7.305039735384
	19.567087368041 8.614308791089 2.2546699865295
	19.838645723418 8.5308556077795 4.0282501322155

	5.8488804258105 9.5570955931547 3.2654654737615
	6.2865183759489 9.5920291794828 1.6946943047369
	7.0862786056947 9.6047104924574 8.2232093542167
	7.6081916981505 9.581720120842 9.5084744650734
	8.3081436655748 9.5846280086365 9.9789398924234
	8.9287134345891 9.5729898850786 10.37100550878
	9.5311936480288 9.568822322856 10.451330692568
	10.101659870889 9.5731383202119 10.566385632014
	10.656043214672 9.5654184738798 10.629639851687
	11.149197309247 9.5567915797179 10.815960893739
	11.619507613358 9.5510931734899 11.180961332035
	12.075518651092 9.5445195865238 12.152632137006
	12.524789837786 9.5324205429366 12.900300138878
	12.95947350644 9.5244920799987 12.982697995116
	13.39200739317 9.5160629979546 12.848290016636
	13.821472532932 9.5084712967716 11.878792402125
	14.250602099688 9.4968654913632 11.211347202554
	14.689621375841 9.4670480553694 11.057708406862
	15.119718694086 9.4646434895677 10.75923636296
	15.558178131459 9.4419086141683 10.641436597402
	15.999368173968 9.4226831023491 10.56842388931
	16.442229507769 9.4153178512816 10.529275454896
	16.897274402123 9.3870954871178 10.473688055594
	17.35406067686 9.3576303864409 10.235025425362
	17.813756241218 9.3199504759231 10.158992261483
	18.278262536558 9.2776276638388 9.4303550393708
	18.776504635376 9.2136559307087 9.6258824830583
	19.2027570737 9.1535477890824 6.3944295581309
	19.734114330467 9.0584586684767 1.7232497057305
	20.008987335765 8.9886282450426 2.9696115342366

	5.7403757538447 10.061372830704 3.7346918410478
	6.1869863338859 10.079927645609 0.32497548419107
	7.0052375105946 10.052104633897 6.880683114469
	7.5565370329603 9.9851728669132 9.9539228791431
	8.2578377720153 9.9878276868002 9.5988135153007
	8.8933267451992 9.9594010116285 10.29506200555
	9.5111196596101 9.9423067795817 10.327930541223
	10.094231391201 9.9458910771038 10.517433212914
	10.627198318058 9.9367115615857 10.517896142052
	11.138056605503 9.9375194473139 10.410969802145
	11.622503212149 9.9374609498989 10.819708477072
	12.08816134648 9.9359004422401 11.992514969354
	12.541638827367 9.9356254507969 12.62845227194
	12.982077642118 9.9230068295134 12.720821249414
	13.415934991756 9.9123093735404 12.572166083288
	13.84995619672 9.9056369033464 11.661276615633
	14.286584167615 9.8985293564717 10.86533060417
	14.730564136617 9.8829277431957 10.41002092516
	15.163046910503 9.8679787463302 10.467999890218
	15.603318023393 9.8530242227055 10.487702945516
	16.046611474157 9.8371092274447 10.457184367341
	16.491961681253 9.8168456983964 10.294763420335
	16.949732535541 9.7945632238661 10.242228439272
	17.409997284533 9.7580211672447 10.059154106022
	17.877414786968 9.7153339774501 10.079842367591
	18.357118582374 9.6749168728314 9.269696218366
	18.889351703398 9.626717523985 9.6895630015306
	19.307329622485 9.5888296550851 5.382382616586
	19.864892849648 9.5151184179401 2.2027350830262
	20.158220702596 9.4673038097712 1.7741788331483

	5.6798640939207 10.60324946465 3.6279619844922
	6.1339562396484 10.574947537612 1.9412850621357
	6.961536933079 10.491037168395 6.5189614949705
	7.5316327626475 10.402188126689 9.8688057646199
	8.2383668014685 10.380396971859 9.5031353068741
	8.8820826895715 10.343909030567 10.243160058126
	9.507395764214 10.321310233732 10.216628123131
	10.09750465162 10.317774865398 10.474479259662
	10.624730676788 10.313298670271 10.340101491765
	11.145161319638 10.320918080871 10.641815597409
	11.639734808643 10.331287847382 10.014766985007
	12.112464760949 10.33318163189 11.688934907804
	12.567751681775 10.345021909081 12.452753572084
	13.011882700761 10.332320540895 12.436012687227
	13.445774186432 10.319164946859 12.369237724884
	13.881579702746 10.313335188577 11.104015410553
	14.321321760689 10.309015754835 10.156378824221
	14.768084369031 10.300458509576 10.521177900842
	15.200822971276 10.276266134134 10.34127197758
	15.641966950407 10.267680163342 10.348520597043
	16.086634126551 10.254800586779 10.285962050066
	16.533707142748 10.225200606139 10.342282470969
	16.986306297823 10.199517422628 10.162401319464
	17.449584671466 10.167780765409 9.8954226286994
	17.92509424922 10.123379562089 9.9517923500716
	18.417610697033 10.079640249813 9.1624213612337
	18.966530480505 10.040726200971 9.5908617075273
	19.391259562152 10.019933083073 4.9325022527144
	19.966600522463 9.9876604825805 1.1315864931265
	20.267698487541 9.9546257874401 2.6489435665211

	5.7182593209355 11.163126728313 2.4561909207581
	6.1582052881336 11.080484525876 2.5387314072114
	6.9735602095963 10.918768432163 6.7095037717436
	7.5340216597049 10.83720224101 9.6904145345176
	8.2725518347434 10.767706056689 9.3803949080363
	8.9105144520704 10.734296558131 10.058867486703
	9.517719257079 10.71562777221 10.387319890542
	10.096689645139 10.700975235656 10.551237232145
	10.670941769798 10.70456958862 10.517612738482
	11.179023382159 10.713002034704 9.8964016940428
	11.669015043297 10.723233364393 10.345976897427
	12.143524298951 10.73609687883 10.734067720407
	12.594976263107 10.736163037695 12.387985777358
	13.051772847345 10.751806722603 12.083865688802
	13.48576199902 10.736581220037 12.045964553827
	13.918106898273 10.730902515186 10.22210071091
	14.350872075176 10.722238703894 10.62906483388
	14.790566392809 10.716530649236 9.8695339370951
	15.225646516217 10.692654112224 10.498639116406
	15.674839408489 10.681767980273 10.459429561347
	16.125503631645 10.669578945386 10.403825859211
	16.574405632952 10.652549383822 10.106282213756
	17.009403703086 10.606959231538 10.152022212451
	17.48291013912 10.594281445807 9.7387272680535
	17.963035480392 10.550716765669 9.835699979687
	18.453773405745 10.498294681527 8.9022939916037
	18.974693204945 10.456102592135 9.8535828428307
	19.46750110361 10.450798146554 3.4174440334906
	20.035164940482 10.455453494268 1.1523188535584
	20.329680077621 10.451649451517 2.6418703849351

	5.8727381352088 11.672875814449 1.6919063891644
	6.2973229548697 11.543218638078 2.8327275850094
	7.0929251777774 11.323404803246 7.4846250775409
	7.6944123096911 11.237521434456 9.5538615863866
	8.3677803434275 11.168860497589 9.6728814531925
	8.9901167422527 11.126048586288 9.8995816788252
	9.5904574006745 11.100509030816 10.43125877442
	10.156240736905 11.101853752143 10.512614019571
	10.704088289582 11.112714185055 10.12386085702
	11.210300443053 11.119095476096 10.970735599026
	11.683051917463 11.132909739867 10.423630867799
	12.144612070628 11.143072416111 10.611801096486
	12.628438025934 11.150110752804 12.014344175005
	13.070540980595 11.143995979986 11.971447498401
	13.512248095148 11.156992770062 11.506377359279
	13.954619678864 11.164797278115 10.39381663063
	14.399784769792 11.156451329846 10.657035718304
	14.84517069314 11.150587538299 10.808064777672
	15.265568094429 11.14426132339 10.357641857327
	15.694939353495 11.134282961203 10.462039737171
	16.131621421402 11.117951100588 10.338769762262
	16.577025716948 11.088890192713 10.194529947183
	17.020525287143 11.070606046712 9.7465090086966
	17.486204685524 11.015502948776 9.8338609412062
	17.956191824718 10.970227455967 9.6805610727797
	18.450407383766 10.929385854591 9.0061551184102
	19.015393349952 10.870843247116 9.2185699500132
	19.478740715859 10.896475958599 3.9834216986927
	20.050229531583 10.899549551359 3.0863106939891
	20.345490889696 10.905154861955 2.7373143225708

	6.219275946164 12.065107766797 7.106449608892
	6.6088424607439 11.94899625093 1.6615597878228
	7.3192646827956 11.688295057507 9.59046283716
	7.8748197955159 11.663770840298 9.2151207540382
	8.516367453812 11.595053221712 9.8328108241712
	9.1060752495115 11.560098656983 11.06062955556
	9.6790660423506 11.541521325698 10.858453713164
	10.226666938468 11.539935250305 11.08790066414
	10.750116372077 11.547003400866 11.401115625444
	11.230079688814 11.556749541746 10.579588354367
	11.710690071632 11.579743318992 9.9132476989675
	12.186750266468 11.593081696922 11.620128938563
	12.646188910192 11.585819495013 11.704480414624
	13.092620890272 11.604372489797 11.804980914317
	13.538985298542 11.602956836534 11.773341373284
	13.983176085576 11.610027671289 10.310482867242
	14.422598798489 11.613207418405 10.152196124154
	14.861737014156 11.595837781795 10.823059110599
	15.296052390288 11.599262512128 11.127901248803
	15.733740315444 11.589450356652 11.108964548545
	16.174948823138 11.573639103615 11.063143467211
	16.621644150243 11.550499772805 10.806444568474
	17.025100875259 11.526374293658 10.733613763691
	17.478075689192 11.470108142946 9.7549563650028
	17.944086454341 11.410227738346 9.4767261203759
	18.430495945708 11.350338985392 8.9291919872372
	18.953199281167 11.278838764122 9.3832112620208
	19.464848937326 11.310652507168 3.6571733301321
	20.050920391664 11.357654703696 4.286428072245
	20.358905873778 11.40606923239 1.9664390669857

	6.5818627987626 12.49706248085 -5.6129789655308
	6.9246324657051 12.302460734503 5.4195723034553
	7.5903112587528 12.103383207739 10.321417719673
	8.0640210823005 12.094037846545 10.012966217024
	8.6640560230949 12.026826444064 10.440189829198
	9.2158216688646 12.008397331409 10.168955097212
	9.7560350138459 11.995130432145 11.087507881545
	10.275174033867 11.996598069229 10.87940594727
	10.792034066713 12.004825996711 10.409955423233
	11.270425823073 12.019192261643 10.458639690474
	11.736603455777 12.025972601389 11.728462737221
	12.19997783973 12.036842187731 11.657290887865
	12.666574735568 12.044744983053 11.900113410383
	13.119834949803 12.061718986 11.880482143639
	13.56803562761 12.060564336509 11.71610599727
	14.012504689913 12.063802757197 11.510949361804
	14.455302357763 12.075886936907 10.518072724382
	14.894100603319 12.064079908034 10.167390722687
	15.328914230774 12.068969777649 10.290648307279
	15.767423002495 12.061565842059 10.447362539557
	16.206134896258 12.052006805539 10.498572695412
	16.641917495586 12.037648610708 10.264624403468
	17.05601139301 12.019210007203 9.945140682827
	17.487128184968 11.959656884288 9.9318346820075
	17.925596308712 11.886227886053 10.045520497312
	18.384320202364 11.80390396957 8.9211741138341
	18.881591901806 11.714523703501 9.4910918225935
	19.39602354581 11.705458696542 3.9349993898153
	19.988494134574 11.794487562013 4.3445544545845
	20.29888890565 11.875511097409 2.349847831387

	6.7723124635751 12.845507880762 0.22083948118015
	7.1683965103654 12.706386494597 8.9290688464862
	7.8118667293571 12.577030359698 9.8816904634501
	8.2116095327469 12.554105495664 10.561259542303
	8.772922013684 12.482710281108 10.989040658374
	9.2863186559102 12.470066255437 11.172458713323
	9.7963306608167 12.471975127938 10.959294383738
	10.294611148215 12.469310672706 11.053855731889
	10.811276883469 12.474870960371 11.466025776899
	11.294925230332 12.489537274689 11.923084918505
	11.749314286247 12.487328230018 11.68289411891
	12.198968716155 12.482455827626 11.946592273413
	12.683709875626 12.513771646356 12.003985111394
	13.140866287584 12.517562821487 12.071875438289
	13.590441124436 12.521497563915 11.99648925349
	14.038798544785 12.527815907017 11.800655123611
	14.490274116743 12.538552324176 11.83318792664
	14.930000031161 12.537303787906 11.517723727673
	15.367635436128 12.540077171883 11.380966619055
	15.805855455912 12.538634579032 11.183561415746
	16.241950808476 12.538923143482 11.105730287201
	16.669106754185 12.53920992918 11.019099151771
	17.117041706581 12.525751803407 10.942745052557
	17.520997201418 12.482440859279 10.489215815281
	17.919190074944 12.406012127758 10.203057417792
	18.327911529463 12.294987141012 9.2163367718597
	18.790007266993 12.178622758974 9.3492070662835
	19.256851982962 12.092927503239 5.1487473867866
	19.846273248557 12.198240082616 3.1875353842264
	20.15553859651 12.274362760683 4.1513243433667

	6.9264221274895 13.221922891443 3.8101937412934
	7.2566081340205 13.200812791121 7.7144013817785
	7.8828278281074 13.14866983277 10.24760000277
	8.2763034473003 13.130153525447 10.567292771282
	8.8135308188969 13.047646473276 11.03461181976
	9.2912370616559 13.040900919204 11.258457702884
	9.7879336465772 13.045182405136 11.595531348746
	10.303653642229 13.024899517793 11.74250787332
	10.781696105763 13.047092928081 11.765743732282
	11.241337354242 13.030028721434 11.749103706887
	11.717844008059 13.010842788198 12.01758621413
	12.207368986518 13.004208598665 12.038221901269
	12.687814222561 13.032576411748 12.132558853844
	13.137744145254 13.027078370794 12.138652124407
	13.592313730569 13.036219457192 12.125643967518
	14.054051831264 13.047385004132 12.067370322105
	14.519790989807 13.062892461576 11.877944421751
	14.95968340784 13.080036645846 11.822024935726
	15.421985720521 13.087928280988 11.676950429286
	15.872883409678 13.092376130594 11.546799869376
	16.323460071564 13.102228585907 11.352779499554
	16.771416050777 13.119662628175 11.08616163403
	17.194751086768 13.112606632183 10.740251814504
	17.599841613011 13.094238643899 10.421443709516
	17.981248345171 13.026313742187 9.9464317247284
	18.342906267683 12.889719425872 9.300468567017
	18.690041472304 12.692874490363 8.5402598123942
	19.099751117036 12.494493195208 7.6176379372627
	19.610587489292 12.506667473842 1.0143867323449
	19.888555059571 12.533604259032 4.3437634473171

	6.9694508805993 13.977641839756 4.3874985467245
	7.2896677632793 13.813049358454 7.4565159355092
	7.883202829052 13.571472504572 9.8796836976684
	8.2551109246761 13.545251873174 10.381859223941
	8.7757303818235 13.493631700044 11.041335935958
	9.2566623613184 13.471386904325 11.278668151642
	9.7472261217065 13.450401347323 11.459733156888
	10.243809957043 13.43601136383 11.604306537715
	10.747379239286 13.429292910485 11.8069239931
	11.236456467431 13.425745775437 11.994216694122
	11.71772996538 13.432122892789 12.022122679742
	12.192001283311 13.438281150557 12.125134727564
	12.665560705559 13.432650836117 12.172801720572
	13.126567208636 13.446128265509 12.188280528382
	13.599184191137 13.44233834305 12.157050798969
	14.071600211664 13.447871615001 12.078658762413
	14.542117569265 13.46459281239 12.037583684546
	15.004687275169 13.471595641392 11.909756920465
	15.47942894309 13.488742653489 11.744316864402
	15.936623899898 13.495113281196 11.54146171783
	16.388021368503 13.509624145495 11.330074499366
	16.83692373631 13.552289274157 11.053605342518
	17.312396260913 13.551207232829 10.602971660784
	17.712748973551 13.577054733275 9.9889504395753
	18.056574178633 13.516625330704 9.3630853114672
	18.352574043325 13.381668476575 8.9480507524148
	18.67666337474 13.241395055903 8.1457007388196
	18.91927895926 13.060492772274 8.1111974479792
	19.337082435272 12.917599993736 4.4538483590239
	19.721205677913 13.01759357098 0.092349229251399

	7.0452924341344 14.374650314889 5.230274290203
	7.2385476316586 14.3178472882 6.5279106682339
	7.6348247180067 14.266409040852 8.5481195960587
	8.1324633958017 14.274848417228 9.9299391500557
	8.6373082290109 14.205272488793 10.61261762349
	9.1487827547522 14.161683502556 11.104526656167
	9.6560198393766 14.127799448446 11.437631840611
	10.163946738782 14.105297798951 11.68530672781
	10.662617999905 14.090060026669 11.81195300236
	11.172258765116 14.079123581242 11.914014860083
	11.665673586059 14.075844252308 12.06523266437
	12.147958784902 14.075092396098 12.126971809233
	12.626426738323 14.068936628153 12.176992354897
	13.11552059314 14.075283664928 12.179652865192
	13.60340025356 14.075069570326 12.147046339216
	14.09067885826 14.083680444911 12.085074657476
	14.573518069318 14.097293899185 11.949057158147
	15.066758689004 14.103141912252 11.807134562911
	15.534800571499 14.121554082185 11.628972746693
	16.040239416692 14.141713308797 11.403685472757
	16.534677242823 14.176063744236 11.075931180871
	17.017600523647 14.231164274148 10.544591695034
	17.398422188332 14.247375972754 9.9999179250495
	17.964937113308 14.327456160405 9.2289120489732
	18.39408044646 14.313809605936 8.5264208464802
	18.680861665531 14.197865932944 7.9267591805888
	18.873046673581 14.018255156929 7.405820212001
	19.0340237747 13.596606148791 6.5817667910083
	19.235705200447 13.303389863086 5.3323417758658
	19.298648815623 13.04709409661 3.7969415767134

	7.1132456768232 14.472984287729 5.2804218526922
	7.1583940713488 14.571271485925 6.1779436447062
	7.4770828630376 14.643752985595 7.6942098148428
	8.0477726895327 14.681887595959 9.4623099612913
	8.5483893174757 14.59613616728 10.367129385723
	9.0819157173589 14.538435366206 10.918823708318
	9.6015796493551 14.500389657391 11.245753722704
	10.115700602582 14.47586215073 11.496967962215
	10.613291305652 14.452831767262 11.728483261338
	11.13681711829 14.436073722108 11.893968953601
	11.635512398639 14.426925998496 11.990249513089
	12.11628109024 14.426526052487 12.072866358885
	12.602443552765 14.42371021186 12.107942119486
	13.110859054993 14.419855685533 12.117331918047
	13.606404280339 14.423604412046 12.085801831301
	14.101050021899 14.431161547378 12.009507781233
	14.590890726672 14.444674167089 11.896997412911
	15.102186628052 14.449415632753 11.70102544595
	15.562605687771 14.465137412876 11.511374737394
	16.097746241654 14.500233937357 11.214433475459
	16.617990486389 14.54008730408 10.826002922654
	17.120764426434 14.600601706224 10.2670854527
	17.433975225409 14.631357003604 9.9482012108748
	18.114433103046 14.730419154997 8.9491554804513
	18.615581022821 14.760600420701 7.8860938948307
	18.896125785895 14.653237910316 6.7946896268114
	19.022309294849 14.453326037946 6.160521197559
	19.15511269167 13.876533217397 5.6771282786949
	19.227746029256 13.465415978917 5.0887833495222
	19.396636985578 13.493512218693 4.0562981886375
